0	[0.7042339354753494, 0.295766053814441]
1	[0.5444446980953217, 0.45555529594421384]
2	[0.00138928247615695, 0.9986107110977173]
3	[0.6304720640182495, 0.36952792257070544]
4	[0.30064430385828017, 0.6993556976318359]
5	[0.4376219533383846, 0.5623780652880669]
6	[0.8450065851211548, 0.1549934357404709]
7	[0.422409825026989, 0.5775901705026627]
8	[0.8129481554031373, 0.18705180361866952]
9	[0.21744008865207434, 0.782559919077903]
10	[0.1483590468764305, 0.8516409397125244]
11	[0.84838947057724, 0.15161056220531463]
12	[0.007887296099215745, 0.992112672328949]
13	[0.17316959425807, 0.8268304228782654]
14	[0.21844712221063672, 0.7815528871491552]
15	[0.00213177774567157, 0.9978682279586792]
16	[0.16354233548045158, 0.8364576578140259]
17	[0.03000604286789894, 0.9699939608573913]
18	[0.025444602686911823, 0.9745553970336914]
19	[0.2440140474587679, 0.7559859752655029]
20	[0.10824187695980073, 0.8917581081390381]
21	[0.004650661535561085, 0.9953493595123291]
22	[0.0019023938570171595, 0.9980976223945618]
23	[0.04910049010068178, 0.9508995175361633]
24	[0.0691482812166214, 0.9308517217636109]
25	[0.9607861757278442, 0.0392138235270977]
26	[0.7205082774162292, 0.27949175536632537]
27	[0.008897132286801935, 0.9911028623580933]
28	[0.003311566589400172, 0.996688437461853]
29	[0.002886125142686069, 0.9971138834953308]
30	[0.003362796641886234, 0.9966371893882752]
31	[0.9500604033470154, 0.04993957122787833]
32	[0.001981526240706444, 0.998018491268158]
33	[0.09532536864280701, 0.9046746015548706]
34	[0.0020123963942751287, 0.9979876041412353]
35	[0.07259018851909786, 0.9274098396301269]
36	[0.09965181231964379, 0.9003481864929199]
37	[0.6378263175487519, 0.3621736645698547]
38	[0.9122473239898682, 0.08775267601013184]
39	[0.07405462674796581, 0.9259453773498535]
40	[0.002203161153011024, 0.9977968454360961]
41	[0.9785317063331604, 0.021468292362987994]
42	[0.9333317279815674, 0.06666826978325843]
43	[0.012251499854028226, 0.9877485036849976]
44	[0.0018120577558875083, 0.9981879591941833]
45	[0.001514785154722631, 0.9984852194786071]
46	[0.07074759155511856, 0.9292523980140686]
47	[0.0018067933386191725, 0.9981931686401367]
48	[0.0019048172514885664, 0.9980952024459839]
49	[0.002886423049494624, 0.9971135497093201]
50	[0.08722710274159909, 0.9127728939056396]
51	[0.010237728757783771, 0.9897622704505921]
52	[0.0031663728412240745, 0.9968336462974549]
53	[0.5772261059377343, 0.42277390267699955]
54	[0.3548628692980856, 0.6451371241360903]
55	[0.3845528343692422, 0.6154471736401319]
56	[0.07755208052694798, 0.922447919845581]
57	[0.16746553471311926, 0.8325344800949097]
58	[0.03765046074986458, 0.9623495459556579]
59	[0.0030033416813239457, 0.9969966292381287]
60	[0.0544629817828536, 0.94553701877594]
61	[0.07310898080468178, 0.926891028881073]
62	[0.2507940597832203, 0.7492059230804443]
63	[0.010953582730144263, 0.9890464425086976]
64	[0.004592771152965724, 0.995407223701477]
65	[0.0017063027480617166, 0.998293662071228]
66	[0.003591207298450172, 0.9964088082313538]
67	[0.9000915050506592, 0.0999084696173668]
68	[0.010666684806346893, 0.9893333196640015]
69	[0.0019202612340450287, 0.9980797171592712]
70	[0.825794106721878, 0.17420590482652187]
71	[0.006865528249181807, 0.9931344747543335]
72	[0.002147945947945118, 0.9978520750999451]
73	[0.20196499014273286, 0.7980350255966187]
74	[0.0074819315690547224, 0.9925180554389954]
75	[0.06828723903745412, 0.9317127585411071]
76	[0.0021987765096127985, 0.9978012323379517]
77	[0.9908659219741821, 0.009134090971201658]
78	[0.0020744676934555174, 0.9979255437850952]
79	[0.0021085646585561335, 0.9978914380073547]
80	[0.13411976168863476, 0.8658802211284637]
81	[0.9310814499855041, 0.06891853641718626]
82	[0.01072720130905509, 0.9892727851867675]
83	[0.012424161890521646, 0.9875758409500122]
84	[0.0016602849587798118, 0.9983397364616394]
85	[0.003117030835710466, 0.996882963180542]
86	[0.48970197439193724, 0.5102980233728885]
87	[0.0018634762847796083, 0.9981365203857422]
88	[0.0016834049252793192, 0.9983166337013245]
89	[0.0018204013351351023, 0.998179578781128]
90	[0.0018394298851490021, 0.9981605768203735]
91	[0.9209621548652649, 0.07903783572837711]
92	[0.9420081496238708, 0.05799184944480658]
93	[0.002826709719374776, 0.997173273563385]
94	[0.0015097829280421137, 0.9984902262687683]
95	[0.4544277245178819, 0.5455722689628602]
96	[0.002668587164953351, 0.997331416606903]
97	[0.0021144649712368847, 0.997885549068451]
98	[0.017747762566432356, 0.9822522163391113]
99	[0.0017658777069300413, 0.9982341170310974]
100	[0.2595073750242591, 0.7404926180839538]
101	[0.0017387574538588525, 0.9982612490653991]
102	[0.003140555089339614, 0.9968594670295715]
103	[0.2885128415655345, 0.7114871501922607]
104	[0.22045456878840924, 0.7795454263687134]
105	[0.007224722299724817, 0.992775309085846]
106	[0.5823045432567596, 0.41769548058509826]
107	[0.0018696124898269773, 0.9981303811073303]
108	[0.0027491315733641384, 0.9972508788108826]
109	[0.002176388935185969, 0.9978235840797425]
110	[0.0025819908594712617, 0.9974180102348328]
111	[0.07742514610290527, 0.9225748538970947]
112	[0.0029792767483741043, 0.9970207571983337]
113	[0.002033853903412819, 0.9979661703109741]
114	[0.01728915311396122, 0.9827108502388]
115	[0.007918546441942453, 0.9920814752578735]
116	[0.002135570766404271, 0.9978644251823425]
117	[0.3376220852136612, 0.6623778998851776]
118	[0.0020450613228604198, 0.9979549765586853]
119	[0.011298933206126094, 0.9887010812759399]
120	[0.03720605950802565, 0.9627939224243164]
121	[0.5232758436352014, 0.47672414034605026]
122	[0.002040512440726161, 0.9979594707489013]
123	[0.016385554010048507, 0.983614444732666]
124	[0.0031522182980552316, 0.9968477845191955]
125	[0.0021667596651241184, 0.9978332400321961]
126	[0.9364577531814575, 0.06354223927482963]
127	[0.884637427330017, 0.11536258049309253]
128	[0.0016809416702017188, 0.9983190655708313]
129	[0.00506492885760963, 0.9949350714683532]
130	[0.0028793392702937126, 0.9971206426620484]
131	[0.003418027190491557, 0.9965819597244263]
132	[0.0032589290756732227, 0.9967410922050476]
133	[0.5018080830574035, 0.49819191694259646]
134	[0.807947313785553, 0.19205271154642106]
135	[0.9602829813957214, 0.039717009849846364]
136	[0.33496351558715104, 0.6650364929810166]
137	[0.6601473212242126, 0.33985268473625185]
138	[0.3137465626001358, 0.686253422871232]
139	[0.5353528201580048, 0.46464717090129853]
140	[0.019042130233719944, 0.9809578895568848]
141	[0.019042130233719944, 0.9809578895568848]
142	[0.9724529027938843, 0.027547084167599677]
143	[0.019042130233719944, 0.9809578895568848]
144	[0.7760616399347782, 0.22393837291747332]
145	[0.28243925161659716, 0.7175607524812222]
146	[0.007597403042018414, 0.9924026012420655]
147	[0.0030741204507648947, 0.9969258904457092]
148	[0.00500394799746573, 0.9949960470199585]
149	[0.8596124172210693, 0.1403876028954983]
150	[0.0019476985558867454, 0.9980523228645325]
151	[0.04964178800582886, 0.9503582000732422]
152	[0.20325198522768914, 0.7967479863204062]
153	[0.9168792963027954, 0.08312067808583379]
154	[0.9838673830032348, 0.0161326190456748]
155	[0.8780316591262818, 0.12196834608912469]
156	[0.980587100982666, 0.019412882346659898]
157	[0.9658032894134522, 0.03419672716408968]
158	[0.7999135002493858, 0.20008650831878186]
159	[0.0015361435012891888, 0.9984638571739197]
160	[0.1897837550379336, 0.8102162778377533]
161	[0.6204095880500973, 0.37959043281152843]
162	[0.5794496946968138, 0.42055032420903443]
163	[0.6318699665367603, 0.3681300537660718]
164	[0.990709912776947, 0.009290090017020702]
165	[0.21112514659762383, 0.7888748675584794]
166	[0.7637287020683289, 0.2362712949514389]
167	[0.10062310472130775, 0.8993768930435181]
168	[0.024041969887912275, 0.9759580254554748]
169	[0.005979376193135977, 0.9940206289291382]
170	[0.0356812110170722, 0.9643187999725342]
171	[0.18193811178207397, 0.8180618524551392]
172	[0.32935783073771746, 0.6706421405076981]
173	[0.0024595993803814054, 0.9975404262542724]
174	[0.002123990980908275, 0.9978760123252869]
175	[0.07537436671555042, 0.9246256351470947]
176	[0.0025734894443303347, 0.9974265217781066]
177	[0.5937159858644009, 0.4062840105965734]
178	[0.5420342303812504, 0.45796576216816903]
179	[0.004120726278051734, 0.9958792567253113]
180	[0.003440425591543317, 0.9965595960617065]
181	[0.9878496885299682, 0.01215030699968338]
182	[0.0017546494258567692, 0.9982453465461731]
183	[0.8784634292125701, 0.12153657237067819]
184	[0.9775243401527405, 0.0224756782874465]
185	[0.1994570921640843, 0.8005428891628981]
186	[0.6309263110160828, 0.36907370686531066]
187	[0.9712363243103027, 0.028763675689697267]
188	[0.041816344507969914, 0.9581836819648742]
189	[0.9853508114814759, 0.014649186376482248]
190	[0.02414070498198271, 0.975859272480011]
191	[0.04203062821179628, 0.957969355583191]
192	[0.46776778288185594, 0.532232254743576]
193	[0.012914424343034626, 0.9870856046676636]
194	[0.014902849355712533, 0.9850971341133118]
195	[0.20531607717275618, 0.7946839392185211]
196	[0.08425118774175644, 0.9157487988471985]
197	[0.4832512766122818, 0.5167487263679504]
198	[0.005856856843456626, 0.9941431403160095]
199	[0.7279515027999878, 0.27204849421977995]
200	[0.022294849529862402, 0.9777051568031311]
201	[0.9642005801200867, 0.03579942574724555]
202	[0.40117878848686817, 0.5988212198019027]
203	[0.004897273425012827, 0.9951027274131775]
204	[0.27924988521263006, 0.7207501232624054]
205	[0.3720246572978795, 0.6279753390699625]
206	[0.20323944124393165, 0.7967605501413345]
207	[0.695767630264163, 0.30423235055059195]
208	[0.9485735893249512, 0.051426409371197225]
209	[0.30588926961645485, 0.6941107288002968]
210	[0.19419621787965297, 0.8058037847280503]
211	[0.438106326200068, 0.5618936974555254]
212	[0.02223089784383774, 0.9777691125869751]
213	[0.9131769895553589, 0.08682299796491862]
214	[0.003986240224912762, 0.9960137367248535]
215	[0.9679280042648315, 0.03207199405878782]
216	[0.001398452348075807, 0.9986015796661377]
217	[0.007482628501020372, 0.9925173997879029]
218	[0.018229309376329182, 0.9817707180976868]
219	[0.026982512138783932, 0.9730174899101257]
220	[0.2768048942089081, 0.7231950968503952]
221	[0.008102114219218493, 0.9918979167938232]
222	[0.11174595449119806, 0.8882540345191956]
223	[0.9915153741836548, 0.008484597131609917]
224	[0.004326205141842366, 0.9956737875938415]
225	[0.004955030279234052, 0.9950449705123902]
226	[0.014889681152999401, 0.9851103186607361]
227	[0.003047327045351267, 0.9969526886940002]
228	[0.7743299961090088, 0.2256699800491333]
229	[0.0017967886524274945, 0.9982032179832458]
230	[0.005920789251103997, 0.9940791964530945]
231	[0.03291321694850922, 0.9670867800712586]
232	[0.6655623584985733, 0.3344376064836979]
233	[0.0018907207064330577, 0.9981092691421509]
234	[0.769932451704517, 0.23006755486130714]
235	[0.9616010427474976, 0.03839895697310567]
236	[0.11342721506953239, 0.8865727782249451]
237	[0.970038890838623, 0.02996109761297703]
238	[0.0980516100768, 0.9019483804702759]
239	[0.9616010427474976, 0.03839895697310567]
240	[0.9616010427474976, 0.03839895697310567]
241	[0.2610667220782489, 0.7389332994818687]
242	[0.0024000030010938645, 0.99760000705719]
243	[0.029502754099667072, 0.9704972505569458]
244	[0.0016461438732221722, 0.9983538389205933]
245	[0.0022553799673914908, 0.997744619846344]
246	[0.5980754017829895, 0.4019246160984039]
247	[0.05864787707105279, 0.941352117061615]
248	[0.036551693361252545, 0.9634482860565186]
249	[0.017273605847731233, 0.9827264070510864]
250	[0.9337887287139892, 0.06621129401028156]
251	[0.0016527479514479638, 0.9983472466468811]
252	[0.4070850838907063, 0.5929149091243744]
253	[0.0028262393549084663, 0.9971737265586853]
254	[0.007790277013555169, 0.9922097086906433]
255	[0.009826082177460194, 0.9901739001274109]
256	[0.9545680761337281, 0.04543193243443966]
257	[0.0017045366344973444, 0.9982954859733582]
258	[0.21665568477474154, 0.7833443268667907]
259	[0.27848049998283386, 0.7215195178985596]
260	[0.22599363690242172, 0.7740063816308975]
261	[0.607429510075599, 0.39257048070430756]
262	[0.37567911713849755, 0.6243208467960357]
263	[0.9397094964981079, 0.06029049567878246]
264	[0.0025240796850994228, 0.9974758982658386]
265	[0.4597089531831443, 0.540291041135788]
266	[0.9488917350769043, 0.05110827945172787]
267	[0.006152112875133753, 0.9938478827476501]
268	[0.0024544374085962773, 0.9975455641746521]
269	[0.0021531566279008986, 0.9978468418121338]
270	[0.9214849829673767, 0.0785149909555912]
271	[0.29891022508963944, 0.7010897994041443]
272	[0.9368774056434631, 0.06312258625403047]
273	[0.9873414993286133, 0.012658523209393025]
274	[0.002585079474374652, 0.9974149227142334]
275	[0.750067126750946, 0.24993285834789275]
276	[0.007726372173056007, 0.9922736406326294]
277	[0.9587109208106994, 0.041289073415100574]
278	[0.9199710726737976, 0.08002890832722187]
279	[0.7704817989375442, 0.22951821526512503]
280	[0.9448510885238648, 0.05514892004430294]
281	[0.07750529814511538, 0.9224946856498718]
282	[0.750067126750946, 0.24993285834789275]
283	[0.5521739423274994, 0.4478260576725006]
284	[0.5911036740988493, 0.40889632776379586]
285	[0.8906488537788391, 0.1093511439859867]
286	[0.17967501729726792, 0.8203249931335449]
287	[0.753972864151001, 0.2460271507501602]
288	[0.7835530139505863, 0.216446971334517]
289	[0.9630361914634704, 0.0369638130068779]
290	[0.0024582145968452098, 0.9975418090820313]
291	[0.08602572977542877, 0.9139742612838745]
292	[0.9930007100105286, 0.006999274808913469]
293	[0.002378894458524883, 0.9976211190223694]
294	[0.3855607395991683, 0.6144392620772123]
295	[0.4038044333457947, 0.5961955904960632]
296	[0.1843789855018258, 0.8156210124492645]
297	[0.8811447501182557, 0.11885523200035095]
298	[0.8521901965141296, 0.14780979566276073]
299	[0.0053735360037535426, 0.9946264743804931]
300	[0.004915323108434677, 0.9950847029685974]
301	[0.719834391400218, 0.2801655936986208]
302	[0.002560180774889886, 0.9974398136138916]
303	[0.9068167209625244, 0.09318326096981763]
304	[0.9497907876968383, 0.0502092320472002]
305	[0.02913032490760088, 0.9708696961402893]
306	[0.9638211131095886, 0.03617889620363712]
307	[0.8153818130493165, 0.1846182093024254]
308	[0.4697853922843933, 0.5302145957946778]
309	[0.12765084514394404, 0.8723491787910461]
310	[0.18846969567239286, 0.8115303218364716]
311	[0.7049927353858948, 0.29500725865364075]
312	[0.0014338948065415024, 0.9985661268234253]
313	[0.6613376379013062, 0.33866236805915834]
314	[0.9747328758239746, 0.02526713889092207]
315	[0.9826508641242981, 0.017349140346050264]
316	[0.003268992924131453, 0.9967309832572937]
317	[0.9436919689178467, 0.05630803126841784]
318	[0.9928528666496277, 0.007147138938307762]
319	[0.9240721464157104, 0.07592784957960248]
320	[0.5854077275842429, 0.4145922612398863]
321	[0.3817556900670752, 0.6182443287223578]
322	[0.01853654203005135, 0.9814634680747986]
323	[0.9925765752792358, 0.007423411589115858]
324	[0.9925765752792358, 0.007423411589115858]
325	[0.06605581641197204, 0.9339441657066345]
326	[0.43128068316727874, 0.5687192946672439]
327	[0.6906720340251923, 0.3093279730528593]
328	[0.021463875332847236, 0.9785361051559448]
329	[0.0016563408076763152, 0.9983436465263367]
330	[0.4181231439113617, 0.5818768590688705]
331	[0.00149306773673743, 0.9985069751739502]
332	[0.8248576045036315, 0.17514236718416215]
333	[0.09894089568406343, 0.9010591149330139]
334	[0.15457835886627436, 0.8454216480255127]
335	[0.9884503483772278, 0.011549666710197925]
336	[0.9400614380836487, 0.059938580729067326]
337	[0.9846282601356506, 0.015371732786297799]
338	[0.002865077438764274, 0.9971349120140076]
339	[0.5655196344479918, 0.4344803415238857]
340	[0.011957279499620199, 0.9880427122116089]
341	[0.061854857765138146, 0.9381451368331909]
342	[0.0022878957446664573, 0.9977121114730835]
343	[0.447876229789108, 0.5521237511187792]
344	[0.9900895357131958, 0.00991044780239463]
345	[0.042891755839809774, 0.9571082711219787]
346	[0.7069486655294895, 0.29305135682225225]
347	[0.034247165406122805, 0.9657528162002563]
348	[0.2521879553794861, 0.7478120446205139]
349	[0.05350456330925226, 0.9464954257011413]
350	[0.002725276350975037, 0.9972746968269348]
351	[0.9683778047561645, 0.03162222113460302]
352	[0.992367970943451, 0.007632013875991106]
353	[0.368340159393847, 0.6316598278470338]
354	[0.003338026790879667, 0.9966620087623597]
355	[0.01439085453748703, 0.9856091499328613]
356	[0.9154559254646302, 0.08454406652599573]
357	[0.9591633200645446, 0.04083670349791646]
358	[0.002050465694628656, 0.9979495406150818]
359	[0.002418685867451131, 0.9975813269615174]
360	[0.5618953865021468, 0.4381046131253242]
361	[0.006162561150267721, 0.9938373923301697]
362	[0.024177445098757744, 0.9758225202560424]
363	[0.029774026898667216, 0.9702260136604309]
364	[0.003065748722292483, 0.9969342350959778]
365	[0.9387275338172912, 0.061272457242012024]
366	[0.9096988201141357, 0.09030116908252239]
367	[0.01640075948089361, 0.9835992455482483]
368	[0.9246691823005676, 0.07533081583678722]
369	[0.714891853928566, 0.2851081509143114]
370	[0.6846712034195661, 0.3153288006782532]
371	[0.005179813457652926, 0.9948201656341553]
372	[0.5257298409938812, 0.474270161986351]
373	[0.7672927141189575, 0.23270728290081025]
374	[0.0013229833100922405, 0.9986770272254943]
375	[0.08424021266400814, 0.915759801864624]
376	[0.009140555793419481, 0.9908594131469727]
377	[0.40600949302315714, 0.5939904987812042]
378	[0.9326372027397156, 0.06736281290650367]
379	[0.004123851703479886, 0.9958761692047119]
380	[0.434477436542511, 0.565522575378418]
381	[0.4916825771331787, 0.5083174109458923]
382	[0.5082294702529907, 0.4917705416679382]
383	[0.004424173291772604, 0.9955758094787598]
384	[0.29507203451357783, 0.7049279924482107]
385	[0.04281403124332428, 0.9571859836578369]
386	[0.5550062243826688, 0.44499378055334093]
387	[0.74208869561553, 0.25791130438446996]
388	[0.002440622658468783, 0.997559380531311]
389	[0.5886536286678166, 0.41134635200724007]
390	[0.00724982675164938, 0.9927502155303956]
391	[0.8111243203282357, 0.18887568525969983]
392	[0.03615546158980578, 0.9638445377349854]
393	[0.9406492948532105, 0.05935073066502809]
394	[0.9648402094841003, 0.035159801878035066]
395	[0.9832228183746338, 0.016777214221656324]
396	[0.8882112622261047, 0.11178871132433414]
397	[0.37448822474107146, 0.6255117684602738]
398	[0.6221090786159038, 0.37789092529565094]
399	[0.22587182908318937, 0.7741281926631928]
400	[0.0038185219978913664, 0.9961814880371094]
401	[0.6210745811462403, 0.3789254441857338]
402	[0.006880155019462109, 0.9931198358535767]
403	[0.011673170374706388, 0.9883268117904663]
404	[0.9259793758392334, 0.07402063589543104]
405	[0.5764270693063736, 0.4235729530453682]
406	[0.07628319598734379, 0.9237167716026307]
407	[0.9569568395614624, 0.04304313808679581]
408	[0.009791371459141374, 0.990208649635315]
409	[0.07541121318936347, 0.9245887994766235]
410	[0.20796931483782827, 0.7920306798070669]
411	[0.5428089201450348, 0.4571910917758942]
412	[0.4696287063881755, 0.5303712878376245]
413	[0.0019364560954272746, 0.9980635523796082]
414	[0.00708595123142004, 0.9929140448570252]
415	[0.9902182817459106, 0.00978171220049262]
416	[0.9914368510246276, 0.0085631612688303]
417	[0.9352733850479126, 0.06472663674503565]
418	[0.004738506721332669, 0.9952614903450012]
419	[0.8879951357841491, 0.11200486049056053]
420	[0.7723398804664612, 0.22766014635562898]
421	[0.9913885951042175, 0.008611427713185548]
422	[0.5083846122026443, 0.4916153967380524]
423	[0.7851410031318664, 0.21485900431871413]
424	[0.9682180047035217, 0.0317819750867784]
425	[0.9845484375953675, 0.015451574139297009]
426	[0.9762897968292237, 0.0237102160230279]
427	[0.938234293460846, 0.06176570225507021]
428	[0.786867618560791, 0.2131323844194412]
429	[0.8819808721542358, 0.11801913790404797]
430	[0.9194420218467713, 0.08055797461420297]
431	[0.00931720486842096, 0.9906828284263611]
432	[0.9388589262962341, 0.061141067929565904]
433	[0.003475085785612464, 0.9965249300003052]
434	[0.05429201051592827, 0.9457079887390136]
435	[0.012815615441650153, 0.9871843576431274]
436	[0.13122251853346825, 0.8687774777412415]
437	[0.9078248977661133, 0.09217508882284164]
438	[0.9006459355354309, 0.09935403056442738]
439	[0.1068847163580358, 0.893115246295929]
440	[0.7164363145828248, 0.28356369733810427]
441	[0.18358429297804832, 0.8164157092571258]
442	[0.3203216105699539, 0.6796783924102783]
443	[0.06260086465626954, 0.9373991370201111]
444	[0.20910464525222777, 0.7908953428268433]
445	[0.2441717118024826, 0.7558283090591431]
446	[0.3846310943365097, 0.6153689086437225]
447	[0.23245852589607238, 0.7675414919853211]
448	[0.22689809631556274, 0.7731019079685211]
449	[0.06074041230604053, 0.9392595529556275]
450	[0.47997301928699015, 0.5200269907712937]
451	[0.024989886581897734, 0.9750101208686829]
452	[0.9609745264053344, 0.03902548421174288]
453	[0.01021080305799842, 0.9897892236709595]
454	[0.48791980743408203, 0.5120801985263824]
455	[0.007011881191283464, 0.9929881572723389]
456	[0.03350524269044399, 0.9664947390556335]
457	[0.03475738056004048, 0.9652426242828369]
458	[0.003234462602995336, 0.9967655181884766]
459	[0.9858171939849854, 0.014182807505130767]
460	[0.2035516628064215, 0.7964483320713043]
461	[0.3510594516992569, 0.6489405512809754]
462	[0.991944682598114, 0.008055336680263281]
463	[0.46395132392644883, 0.5360487036406993]
464	[0.9156015634536743, 0.08439844632521272]
465	[0.001801394927315414, 0.9981985807418823]
466	[0.015040340833365917, 0.9849596738815307]
467	[0.002148786443285644, 0.9978512167930603]
468	[0.977080512046814, 0.022919483203440904]
469	[0.896912944316864, 0.10308703016489744]
470	[0.9893401980400085, 0.01065978417173028]
471	[0.022217798233032226, 0.9777822136878968]
472	[0.008996875677257776, 0.9910031318664551]
473	[0.007271362794563174, 0.9927286386489869]
474	[0.01047506658360362, 0.9895249366760254]
475	[0.8961744189262391, 0.10382556933909655]
476	[0.8805312752723694, 0.1194687195122242]
477	[0.0135844262316823, 0.9864156126976014]
478	[0.9894402742385864, 0.010559707786887884]
479	[0.0018040457740426063, 0.9981959700584412]
480	[0.530741012096405, 0.4692589670419693]
481	[0.029996693693101407, 0.9700033068656921]
482	[0.3828467113431543, 0.6171533111482859]
483	[0.0021778356051072477, 0.9978221654891968]
484	[0.001735344808548689, 0.9982646346092224]
485	[0.004665151634253561, 0.9953348517417908]
486	[0.002281489945016801, 0.9977185130119324]
487	[0.726571261882782, 0.2734287232160568]
488	[0.00922418488189578, 0.9907758116722107]
489	[0.1007100754417479, 0.8992899417877197]
490	[0.0016928273718804121, 0.9983071446418762]
491	[0.0022700286470353605, 0.9977299809455872]
492	[0.9927296996116638, 0.007270306069403887]
493	[0.0034378372831270097, 0.9965621709823609]
494	[0.983016848564148, 0.01698313755914569]
495	[0.011061340477317572, 0.9889386653900146]
496	[0.018390700733289123, 0.981609308719635]
497	[0.0018513597548007964, 0.9981486201286316]
498	[0.677095751464367, 0.32290425300598147]
499	[0.09298011660575867, 0.9070198893547058]
500	[0.002298053493723273, 0.9977019548416137]
501	[0.1032180305570364, 0.8967819809913635]
502	[0.10680331513285637, 0.8931966900825501]
503	[0.1785183772444725, 0.8214816331863404]
504	[0.010099723795428872, 0.989900267124176]
505	[0.03821412925608456, 0.9617858767509461]
506	[0.14548897510394454, 0.8545110106468201]
507	[0.0015928015345707536, 0.9984072089195252]
508	[0.003583290451206267, 0.996416711807251]
509	[0.07803735565394163, 0.9219626665115357]
510	[0.019608097849413753, 0.9803919196128845]
511	[0.18721662615425885, 0.8127833753824234]
512	[0.6918822765350342, 0.3081177294254303]
513	[0.5227238278836012, 0.47727612853050233]
514	[0.6894143879413605, 0.31058559268713]
515	[0.8673596024513245, 0.13264041990041733]
516	[0.8692843317985535, 0.1307156540453434]
517	[0.009008403588086366, 0.9909915804862977]
518	[0.865530925989151, 0.13446907363831997]
519	[0.0025506568141281604, 0.9974493384361267]
520	[0.7145554065704346, 0.28544458746910095]
521	[0.5202816188335418, 0.4797183632850647]
522	[0.005967696290463209, 0.9940323114395142]
523	[0.002507872716523707, 0.9974921345710754]
524	[0.6365533590316772, 0.3634466290473938]
525	[0.36417916417121887, 0.6358208417892456]
526	[0.0688841613009572, 0.9311158299446106]
527	[0.9942976474761963, 0.005702336318790913]
528	[0.2590428352355957, 0.7409571647644043]
529	[0.8793854117393494, 0.12061456069350243]
530	[0.8857385158538819, 0.11426149103790521]
531	[0.06834351383149624, 0.9316564798355103]
532	[0.7084053039550782, 0.2915946900844574]
533	[0.9054454922676086, 0.09455452635884284]
534	[0.40878534913063047, 0.5912146806716919]
535	[0.8087753519415856, 0.19122462971135973]
536	[0.9087652564048767, 0.09123473577201366]
537	[0.9831193685531616, 0.016880637500435114]
538	[0.5297797888517379, 0.47022021412849424]
539	[0.9622886896133422, 0.03771131932735443]
540	[0.23734757155179978, 0.7626524448394776]
541	[0.1806378209963441, 0.8193621933460236]
542	[0.3598312228918076, 0.6401687741279602]
543	[0.9322544574737549, 0.06774556562304497]
544	[0.33293221667408945, 0.6670677602291107]
545	[0.7855692267417907, 0.21443075239658355]
546	[0.8645226120948791, 0.1354773923754692]
547	[0.9672803163528443, 0.03271968141198158]
548	[0.9721764087677002, 0.027823613211512565]
549	[0.005225996905937791, 0.9947740077972412]
550	[0.2610667220782489, 0.7389332994818687]
551	[0.9545680761337281, 0.04543193243443966]
552	[0.004402317944914103, 0.9955976843833924]
553	[0.0016527479514479638, 0.9983472466468811]
554	[0.20726558547466994, 0.7927344053983688]
555	[0.07219612440094351, 0.927803885936737]
556	[0.7989829570055008, 0.2010170418769121]
557	[0.21731272893957793, 0.7826872646808625]
558	[0.6266225200146437, 0.37337749935686587]
559	[0.8169359505176544, 0.18306404082104563]
560	[0.0016502380603924394, 0.9983497738838196]
561	[0.036551693361252545, 0.9634482860565186]
562	[0.9244385838508606, 0.07556143309921026]
563	[0.03291321694850922, 0.9670867800712586]
564	[0.0016463302308693528, 0.9983536720275878]
565	[0.11342721506953239, 0.8865727782249451]
566	[0.2017278026789427, 0.7982721978798508]
567	[0.017273605847731233, 0.9827264070510864]
568	[0.11174680518452078, 0.8882531702518464]
569	[0.19216525158844888, 0.8078347653150558]
570	[0.929563021659851, 0.07043699100613594]
571	[0.0015481456415727735, 0.9984518527984619]
572	[0.0018907207064330577, 0.9981092691421509]
573	[0.0015481456415727735, 0.9984518527984619]
574	[0.8798549771308899, 0.12014502286911011]
575	[0.0017722891876474022, 0.9982277154922485]
576	[0.6074296552687883, 0.392570324242115]
577	[0.0022553803864866495, 0.9977445960044861]
578	[0.13925482663325967, 0.8607451856136322]
579	[0.012412942526862026, 0.987587058544159]
580	[0.9218437552452088, 0.07815623292699456]
581	[0.013769376277923583, 0.9862306356430054]
582	[0.002266368898563087, 0.9977336287498474]
583	[0.3929633262567222, 0.6070366494357586]
584	[0.017263913061469793, 0.9827360868453979]
585	[0.006152112130075693, 0.9938478589057922]
586	[0.0015836762497201562, 0.9984163403511047]
587	[0.9943016052246094, 0.005698372703045606]
588	[0.003796712029725313, 0.9962032914161683]
589	[0.5165259838104248, 0.4834740191698074]
590	[0.22599333571270108, 0.7740066584199667]
591	[0.5924813926219941, 0.40751861333847045]
592	[0.9786470770835877, 0.02135291527956724]
593	[0.01822930984199047, 0.9817707180976868]
